                all          5000      36335      0.484      0.334      0.341      0.226
                person       2693      10777      0.661      0.603      0.649      0.414
               bicycle        149        314      0.464      0.259      0.256      0.139
                   car        535       1918      0.534      0.436      0.433      0.257
            motorcycle        159        367      0.529      0.455      0.479       0.26
              airplane         97        143      0.515       0.65      0.625      0.426
                   bus        189        283      0.673      0.572      0.627      0.498
                 train        157        190      0.625      0.668       0.71      0.509
                 truck        250        414       0.38      0.304      0.298      0.183
                  boat        121        424      0.377      0.262      0.222      0.104
         traffic light        191        634      0.523      0.188       0.23      0.105
          fire hydrant         86        101      0.593      0.574      0.604      0.463
             stop sign         69         75      0.556      0.587      0.597      0.521
         parking meter         37         60      0.573      0.333      0.386      0.263
                 bench        235        411      0.421      0.156      0.174      0.104
                  bird        125        427      0.554       0.18      0.219      0.133
                   cat        184        202      0.509      0.688      0.627      0.439
                   dog        177        218      0.491      0.495      0.446      0.327
                 horse        128        272      0.466      0.489       0.49      0.321
                 sheep         65        354      0.402      0.505      0.442      0.286
                   cow         87        372      0.476      0.435      0.416      0.269
              elephant         89        252       0.61      0.619      0.638      0.448
                  bear         49         71       0.42      0.648       0.61       0.48
                 zebra         85        266      0.699      0.767      0.805      0.537
               giraffe        101        232      0.809      0.733      0.773      0.551
              backpack        228        371      0.378     0.0606     0.0943     0.0495
              umbrella        174        407      0.462      0.329       0.33        0.2
               handbag        292        540      0.311     0.0278     0.0514     0.0226
                   tie        145        252      0.494      0.218      0.241      0.127
              suitcase        105        299      0.429      0.151      0.199      0.106
               frisbee         84        115      0.619      0.522       0.56      0.413
                  skis        120        241      0.395      0.232      0.211     0.0927
             snowboard         49         69      0.256      0.101      0.112     0.0658
           sports ball        169        260       0.67      0.304      0.354      0.251
                  kite         91        327      0.469      0.422      0.397      0.243
          baseball bat         97        145      0.421      0.165      0.179     0.0859
        baseball glove        100        148      0.423      0.338       0.33      0.178
            skateboard        127        179       0.52      0.411      0.408      0.235
             surfboard        149        267      0.412      0.277      0.269      0.131
         tennis racket        167        225      0.523      0.356      0.378      0.216
                bottle        379       1013      0.531      0.257      0.294      0.176
            wine glass        110        341      0.515      0.184      0.216      0.119
                   cup        390        895       0.44      0.334      0.326      0.221
                  fork        155        215      0.242     0.0465     0.0744     0.0349
                 knife        181        325      0.285     0.0431     0.0501     0.0249
                 spoon        153        253       0.31     0.0277     0.0431     0.0243
                  bowl        314        623      0.475      0.371      0.365       0.26
                banana        103        370       0.42      0.168      0.189     0.0969
                 apple         76        236       0.23      0.102     0.0883     0.0586
              sandwich         98        177      0.377       0.35      0.313      0.215
                orange         85        285      0.354      0.225      0.203      0.159
              broccoli         71        312      0.388      0.271      0.275      0.147
                carrot         81        365      0.299      0.132      0.126     0.0735
               hot dog         51        125       0.42      0.136      0.192      0.116
                 pizza        153        284      0.539      0.506      0.516       0.37
                 donut         62        328       0.41      0.308       0.31      0.238
                  cake        124        310      0.389      0.223      0.244      0.161
                 chair        580       1771      0.419      0.198      0.221      0.129
                 couch        195        261      0.414      0.493      0.405      0.281
          potted plant        172        342      0.471      0.211      0.204      0.107
                   bed        149        163      0.478      0.546      0.511       0.34
          dining table        501        695      0.398      0.407       0.34      0.229
                toilet        149        179      0.531      0.598       0.61      0.479
                    tv        207        288      0.541      0.503      0.515      0.371
                laptop        183        231      0.539      0.468      0.473      0.358
                 mouse         88        106      0.637      0.481      0.528      0.397
                remote        145        283      0.308     0.0848     0.0879     0.0485
              keyboard        106        153      0.466      0.516      0.434      0.297
            cell phone        214        262       0.63      0.195      0.247      0.158
             microwave         54         55      0.577      0.455      0.432      0.319
                  oven        115        143      0.464      0.242      0.274      0.162
               toaster          8          9          1          0     0.0927      0.065
                  sink        187        225      0.462      0.378      0.338      0.218
          refrigerator        101        126      0.508      0.437       0.44       0.31
                  book        230       1129       0.22     0.0602     0.0803     0.0308
                 clock        204        267      0.554      0.539      0.552       0.35
                  vase        137        274      0.464      0.212      0.227      0.147
              scissors         28         36      0.412     0.0556        0.1     0.0706
            teddy bear         94        190      0.537      0.384      0.414      0.261
            hair drier          9         11          1          0          0          0
            toothbrush         34         57      0.435     0.0351     0.0659     0.0289