              Class     Images  Instances      Box(P          R      mAP50  mAP50-95): 100%|██████████| 157/157 [00:48<00:00,  3.22it/s]                   
                all       5000      36335       0.46      0.323      0.324      0.212
                person       2693      10777      0.659      0.603      0.649      0.412
               bicycle        149        314      0.433      0.252      0.235      0.129
                   car        535       1918      0.546       0.41      0.421      0.251
            motorcycle        159        367      0.538      0.419      0.465      0.257
              airplane         97        143      0.509      0.601      0.583       0.41
                   bus        189        283      0.651      0.586      0.617       0.49
                 train        157        190      0.649      0.642      0.686      0.492
                 truck        250        414      0.409      0.327      0.307       0.18
                  boat        121        424      0.417      0.269      0.217      0.103
         traffic light        191        634      0.461      0.186        0.2     0.0985
          fire hydrant         86        101      0.624      0.554      0.597      0.459
             stop sign         69         75      0.533      0.573      0.588      0.515
         parking meter         37         60      0.593      0.283      0.348      0.232
                 bench        235        411      0.413      0.178      0.173     0.0991
                  bird        125        427      0.535      0.178      0.209      0.124
                   cat        184        202       0.54      0.653       0.63      0.408
                   dog        177        218      0.446      0.454      0.389      0.279
                 horse        128        272      0.448      0.526      0.496      0.329
                 sheep         65        354      0.369       0.52      0.416      0.261
                   cow         87        372      0.493      0.409      0.417      0.272
              elephant         89        252      0.553      0.591      0.601      0.419
                  bear         49         71      0.482       0.63      0.565      0.441
                 zebra         85        266      0.643      0.741      0.772      0.516
               giraffe        101        232      0.753      0.737      0.766      0.543
              backpack        228        371      0.312     0.0404      0.077     0.0359
              umbrella        174        407      0.419      0.356      0.309      0.179
               handbag        292        540      0.356     0.0296     0.0452     0.0211
                   tie        145        252      0.456       0.21      0.223      0.117
              suitcase        105        299      0.395      0.123      0.135      0.077
               frisbee         84        115      0.513      0.487      0.501      0.359
                  skis        120        241      0.315      0.158      0.166     0.0729
             snowboard         49         69       0.26      0.087     0.0977     0.0585
           sports ball        169        260       0.55      0.311      0.318      0.221
                  kite         91        327      0.436      0.394      0.369      0.225
          baseball bat         97        145      0.399      0.172      0.195     0.0858
        baseball glove        100        148      0.394      0.311      0.308      0.167
            skateboard        127        179      0.513      0.382      0.366      0.199
             surfboard        149        267      0.397      0.255      0.221      0.107
         tennis racket        167        225      0.538      0.362      0.373      0.207
                bottle        379       1013      0.497      0.259      0.283      0.168
            wine glass        110        341      0.453      0.191      0.203      0.112
                   cup        390        895      0.433      0.313      0.312       0.21
                  fork        155        215      0.335     0.0791     0.0967     0.0457
                 knife        181        325       0.25     0.0431     0.0442     0.0215
                 spoon        153        253      0.186     0.0198      0.033     0.0164
                  bowl        314        623      0.435      0.387      0.353       0.25
                banana        103        370      0.373      0.151      0.152     0.0793
                 apple         76        236      0.241       0.11     0.0889     0.0553
              sandwich         98        177      0.357      0.322      0.264      0.171
                orange         85        285      0.385      0.281      0.213      0.164
              broccoli         71        312      0.375      0.269      0.271      0.141
                carrot         81        365      0.253      0.208      0.134     0.0736
               hot dog         51        125      0.421      0.168      0.167     0.0954
                 pizza        153        284      0.559      0.517      0.511      0.362
                 donut         62        328      0.405       0.32        0.3      0.232
                  cake        124        310      0.446      0.195      0.235      0.147
                 chair        580       1771      0.387      0.195      0.203      0.118
                 couch        195        261      0.425      0.444      0.396      0.268
          potted plant        172        342      0.351      0.219      0.187     0.0954
                   bed        149        163      0.485      0.462      0.451      0.304
          dining table        501        695      0.416      0.387      0.332      0.218
                toilet        149        179      0.494      0.581      0.558      0.441
                    tv        207        288      0.525      0.528      0.531       0.39
                laptop        183        231      0.519      0.442      0.475      0.363
                 mouse         88        106      0.553      0.472      0.491      0.362
                remote        145        283       0.32     0.0671     0.0712     0.0394
              keyboard        106        153      0.406      0.451      0.447      0.268
            cell phone        214        262      0.468      0.195      0.212      0.141
             microwave         54         55      0.482      0.322      0.365      0.258
                  oven        115        143      0.464      0.266       0.29      0.156
               toaster          8          9          1          0      0.156     0.0699
                  sink        187        225      0.453      0.373      0.348      0.199
          refrigerator        101        126      0.468      0.389      0.399      0.281
                  book        230       1129      0.242     0.0629      0.072     0.0288
                 clock        204        267      0.474      0.532      0.514      0.319
                  vase        137        274       0.42      0.203      0.208      0.129
              scissors         28         36      0.611     0.0833      0.117     0.0667
            teddy bear         94        190      0.477      0.358      0.356      0.223
            hair drier          9         11          1          0          0          0
            toothbrush         34         57          0          0     0.0107    0.00457