                person       2693      10777      0.528      0.604      0.591      0.364
               bicycle        149        314      0.601      0.172      0.264      0.152
                   car        535       1918      0.693      0.287      0.371      0.232
            motorcycle        159        367      0.381      0.474      0.413       0.23
              airplane         97        143       0.46      0.629       0.62      0.439
                   bus        189        283      0.474      0.572      0.539      0.397
                 train        157        190      0.439      0.611      0.603      0.397
                 truck        250        414      0.338      0.271      0.234       0.13
                  boat        121        424      0.396     0.0957      0.136     0.0664
         traffic light        191        634      0.757      0.108      0.229      0.114
          fire hydrant         86        101      0.795      0.554      0.597      0.441
             stop sign         69         75      0.789       0.52      0.583      0.488
         parking meter         37         60      0.815       0.22      0.358      0.227
                 bench        235        411       0.47      0.112      0.148     0.0914
                  bird        125        427      0.328      0.237      0.204      0.104
                   cat        184        202      0.445      0.703      0.626      0.404
                   dog        177        218      0.568      0.422      0.485      0.337
                 horse        128        272      0.365      0.566      0.497      0.337
                 sheep         65        354      0.304      0.605      0.401       0.21
                   cow         87        372      0.664      0.212      0.329      0.203
              elephant         89        252      0.447      0.639      0.577      0.374
                  bear         49         71      0.566      0.577      0.599      0.427
                 zebra         85        266      0.519      0.699      0.714      0.492
               giraffe        101        232       0.55      0.707      0.694      0.497
              backpack        228        371      0.299     0.0539     0.0609     0.0304
              umbrella        174        407      0.445      0.432      0.379      0.225
               handbag        292        540      0.927    0.00741     0.0668     0.0326
                   tie        145        252      0.698      0.139      0.219      0.117
              suitcase        105        299       0.48      0.182      0.212      0.133
               frisbee         84        115        0.7      0.549      0.611      0.448
                  skis        120        241     0.0948      0.207      0.121     0.0521
             snowboard         49         69      0.434     0.0671       0.13     0.0762
           sports ball        169        260      0.587      0.296      0.312      0.216
                  kite         91        327      0.646      0.254      0.338      0.215
          baseball bat         97        145      0.509      0.172       0.23      0.107
        baseball glove        100        148      0.686       0.25      0.332      0.193
            skateboard        127        179      0.615      0.385      0.407      0.243
             surfboard        149        267      0.457      0.246      0.281       0.14
         tennis racket        167        225       0.75      0.266      0.427      0.216
                bottle        379       1013      0.311      0.313      0.224      0.123
            wine glass        110        341      0.702      0.161      0.246      0.141
                   cup        390        895      0.678      0.221      0.308      0.201
                  fork        155        215       0.68     0.0593      0.146     0.0812
                 knife        181        325      0.244     0.0246     0.0442     0.0241
                 spoon        153        253        0.6     0.0356     0.0513     0.0313
                  bowl        314        623      0.432      0.273      0.261      0.178
                banana        103        370      0.642      0.102      0.183     0.0952
                 apple         76        236      0.167      0.125     0.0731     0.0461
              sandwich         98        177      0.571      0.203      0.254      0.171
                orange         85        285      0.317      0.306      0.241      0.173
              broccoli         71        312      0.403      0.173      0.207      0.107
                carrot         81        365       0.24     0.0466      0.103     0.0606
               hot dog         51        125      0.704      0.133      0.217      0.124
                 pizza        153        284      0.543      0.486      0.477      0.319
                 donut         62        328      0.534       0.29      0.282      0.214
                  cake        124        310      0.674      0.187      0.285      0.173
                 chair        580       1771      0.384      0.242      0.217       0.12
                 couch        195        261      0.319       0.51      0.394      0.256
          potted plant        172        342      0.285      0.371       0.26      0.144
                   bed        149        163      0.402      0.515      0.446      0.275
          dining table        501        695      0.322      0.437      0.319      0.196
                toilet        149        179      0.666      0.559      0.547      0.394
                    tv        207        288      0.808       0.41      0.508      0.358
                laptop        183        231      0.732      0.411      0.496      0.367
                 mouse         88        106      0.452      0.451      0.436        0.3
                remote        145        283      0.391     0.0459      0.089     0.0534
              keyboard        106        153      0.865      0.275      0.439      0.282
            cell phone        214        262      0.608      0.153       0.21       0.14
             microwave         54         55      0.741      0.273      0.363      0.279
                  oven        115        143      0.361      0.301      0.271      0.165
               toaster          8          9          1          0      0.575      0.346
                  sink        187        225      0.586      0.258      0.305      0.192
          refrigerator        101        126      0.367      0.381      0.306      0.203
                  book        230       1129      0.342     0.0257     0.0819      0.031
                 clock        204        267      0.741      0.449      0.472      0.308
                  vase        137        274      0.463      0.277      0.262      0.174
              scissors         28         36          1          0      0.109     0.0544
            teddy bear         94        190      0.579      0.363      0.396      0.242
            hair drier          9         11          1          0          0          0
            toothbrush         34         57       0.66     0.0344     0.0636     0.0346
