                   all       5000      36335      0.634      0.475      0.521      0.372
                person       2693      10777      0.755      0.671      0.745      0.515
               bicycle        149        314       0.69      0.392      0.457      0.264
                   car        535       1918      0.648      0.514      0.562      0.365
            motorcycle        159        367      0.712       0.58      0.658      0.414
              airplane         97        143      0.814      0.764      0.834      0.653
                   bus        189        283      0.747      0.643      0.739       0.62
                 train        157        190      0.798       0.77      0.834      0.647
                 truck        250        414      0.547      0.397      0.435      0.295
                  boat        121        424      0.583        0.3      0.375      0.209
         traffic light        191        634      0.647      0.345      0.409      0.212
          fire hydrant         86        101       0.85      0.703      0.774      0.615
             stop sign         69         75      0.696       0.64      0.692      0.631
         parking meter         37         60      0.633        0.5      0.558      0.441
                 bench        235        411      0.571      0.258      0.296      0.195
                  bird        125        427      0.693      0.358      0.427      0.278
                   cat        184        202      0.776      0.824      0.856      0.652
                   dog        177        218      0.656      0.698      0.729      0.593
                 horse        128        272      0.701      0.651      0.693      0.525
                 sheep         65        354      0.611      0.667      0.662       0.46
                   cow         87        372      0.697        0.6      0.682       0.49
              elephant         89        252      0.705      0.833      0.821      0.629
                  bear         49         71      0.848      0.775      0.842      0.689
                 zebra         85        266      0.809      0.797      0.882      0.658
               giraffe        101        232      0.857      0.828      0.887      0.684
              backpack        228        371       0.49      0.156      0.197      0.101
              umbrella        174        407      0.632      0.504      0.542      0.361
               handbag        292        540       0.48      0.126      0.169     0.0859
                   tie        145        252      0.688      0.361      0.429      0.269
              suitcase        105        299      0.571      0.435      0.503      0.343
               frisbee         84        115      0.747      0.771      0.767      0.584
                  skis        120        241      0.605      0.317       0.37      0.189
             snowboard         49         69      0.507      0.333      0.396      0.268
           sports ball        169        260      0.716      0.438      0.474      0.332
                  kite         91        327      0.606       0.52      0.558       0.38
          baseball bat         97        145      0.586      0.386      0.403      0.219
        baseball glove        100        148       0.67      0.473      0.512      0.303
            skateboard        127        179      0.721      0.607      0.663      0.451
             surfboard        149        267      0.629      0.476      0.507      0.309
         tennis racket        167        225      0.705      0.618      0.671      0.397
                bottle        379       1013      0.614      0.386      0.455      0.298
            wine glass        110        341      0.661      0.352       0.42       0.27
                   cup        390        895      0.584      0.441      0.489      0.351
                  fork        155        215      0.582      0.318      0.389      0.263
                 knife        181        325      0.508      0.163      0.173      0.106
                 spoon        153        253      0.413      0.145       0.16     0.0987
                  bowl        314        623       0.59      0.494       0.53      0.392
                banana        103        370      0.551      0.319      0.374      0.234
                 apple         76        236      0.415      0.242      0.227      0.156
              sandwich         98        177      0.571      0.486      0.463      0.349
                orange         85        285       0.44      0.418      0.369      0.281
              broccoli         71        312      0.477      0.338      0.369      0.209
                carrot         81        365      0.447      0.293      0.307      0.189
               hot dog         51        125       0.76      0.431      0.497      0.364
                 pizza        153        284       0.66      0.613      0.658      0.503
                 donut         62        328      0.577      0.494      0.515      0.408
                  cake        124        310      0.535       0.39      0.437      0.293
                 chair        580       1771      0.583      0.339      0.403      0.257
                 couch        195        261      0.592       0.55      0.585      0.434
          potted plant        172        342      0.521       0.38      0.385      0.226
                   bed        149        163      0.551      0.552      0.589      0.427
          dining table        501        695      0.529      0.439      0.436      0.293
                toilet        149        179      0.722      0.737      0.775      0.642
                    tv        207        288      0.772      0.635      0.715      0.553
                laptop        183        231      0.682      0.662      0.699       0.58
                 mouse         88        106      0.634      0.651      0.708      0.531
                remote        145        283      0.431      0.223      0.271      0.161
              keyboard        106        153      0.594      0.602      0.649      0.482
            cell phone        214        262      0.551      0.351        0.4      0.281
             microwave         54         55      0.617      0.545      0.643      0.514
                  oven        115        143      0.644      0.448      0.511       0.35
               toaster          8          9      0.727      0.222      0.436      0.316
                  sink        187        225      0.563       0.44      0.508      0.337
          refrigerator        101        126      0.667      0.587       0.65      0.511
                  book        230       1129      0.491      0.111      0.197     0.0973
                 clock        204        267      0.751      0.607      0.667      0.459
                  vase        137        274      0.584      0.445      0.453      0.322
              scissors         28         36       0.69      0.333      0.332      0.278
            teddy bear         94        190       0.67      0.558      0.604      0.419
            hair drier          9         11          1          0    0.00492    0.00377
            toothbrush         34         57      0.403      0.193      0.236      0.165