                person       2693      10777      0.641      0.608      0.646       0.41
               bicycle        149        314      0.467      0.243      0.251      0.137
                   car        535       1918      0.523      0.416       0.41       0.24
            motorcycle        159        367      0.554       0.45      0.468      0.248
              airplane         97        143      0.494      0.538      0.568      0.386
                   bus        189        283      0.643      0.566      0.593      0.467
                 train        157        190      0.641      0.621      0.651       0.47
                 truck        250        414      0.391      0.302      0.281      0.174
                  boat        121        424      0.368      0.222      0.211        0.1
         traffic light        191        634      0.432       0.17      0.193     0.0956
          fire hydrant         86        101      0.632      0.612      0.622      0.455
             stop sign         69         75      0.522      0.573      0.572      0.501
         parking meter         37         60      0.578      0.317      0.346      0.243
                 bench        235        411      0.403      0.165      0.174      0.101
                  bird        125        427      0.518      0.164      0.186       0.11
                   cat        184        202      0.503      0.649      0.591      0.412
                   dog        177        218      0.435      0.459      0.431      0.319
                 horse        128        272      0.466      0.542      0.496      0.329
                 sheep         65        354      0.381      0.525      0.419      0.256
                   cow         87        372      0.476      0.457      0.425      0.278
              elephant         89        252      0.502      0.571      0.596      0.427
                  bear         49         71      0.454      0.634      0.576      0.444
                 zebra         85        266      0.678      0.737      0.782      0.525
               giraffe        101        232      0.706      0.728       0.75      0.538
              backpack        228        371      0.295      0.045     0.0653     0.0358
              umbrella        174        407      0.455      0.335      0.318       0.18
               handbag        292        540      0.245     0.0259     0.0469     0.0216
                   tie        145        252      0.461      0.226      0.249       0.13
              suitcase        105        299      0.377      0.107      0.121     0.0719
               frisbee         84        115      0.614      0.484      0.503      0.367
                  skis        120        241      0.413      0.187      0.195     0.0848
             snowboard         49         69      0.409      0.101      0.138     0.0804
           sports ball        169        260      0.508        0.3      0.307      0.218
                  kite         91        327      0.389      0.407      0.374      0.228
          baseball bat         97        145      0.408      0.166       0.14     0.0645
        baseball glove        100        148      0.336      0.365      0.318      0.166
            skateboard        127        179      0.477      0.408      0.382      0.223
             surfboard        149        267      0.357      0.285      0.216       0.11
         tennis racket        167        225      0.461      0.342      0.342      0.191
                bottle        379       1013      0.494      0.246      0.291      0.176
            wine glass        110        341      0.399      0.167      0.178     0.0948
                   cup        390        895      0.441       0.33       0.31      0.207
                  fork        155        215      0.291     0.0744     0.0829     0.0396
                 knife        181        325      0.301     0.0596     0.0569     0.0271
                 spoon        153        253      0.163     0.0158     0.0314     0.0154
                  bowl        314        623      0.423      0.377      0.358      0.252
                banana        103        370      0.334      0.127      0.147      0.069
                 apple         76        236      0.264      0.106     0.0917     0.0614
              sandwich         98        177      0.396      0.328      0.273      0.173
                orange         85        285      0.348       0.27      0.218      0.171
              broccoli         71        312      0.395      0.321      0.297      0.151
                carrot         81        365      0.263      0.164      0.124     0.0669
               hot dog         51        125      0.475        0.2      0.241      0.133
                 pizza        153        284      0.533      0.514      0.517      0.377
                 donut         62        328       0.38      0.305      0.269       0.21
                  cake        124        310      0.373      0.174      0.207      0.128
                 chair        580       1771      0.376      0.206      0.207       0.12
                 couch        195        261      0.401      0.414      0.369      0.245
          potted plant        172        342      0.355      0.237      0.184     0.0925
                   bed        149        163      0.507      0.466      0.471      0.309
          dining table        501        695      0.388      0.378      0.306       0.21
                toilet        149        179      0.516      0.609      0.595      0.463
                    tv        207        288      0.488      0.526      0.505      0.365
                laptop        183        231      0.483      0.446      0.457       0.34
                 mouse         88        106      0.466      0.436      0.461      0.353
                remote        145        283      0.234     0.0671     0.0675     0.0394
              keyboard        106        153      0.381      0.425      0.407      0.266
            cell phone        214        262      0.443      0.191      0.205      0.131
             microwave         54         55      0.531      0.327      0.363      0.263
                  oven        115        143      0.378      0.259       0.24      0.144
               toaster          8          9          1          0     0.0571     0.0274
                  sink        187        225      0.413      0.333      0.317      0.194
          refrigerator        101        126      0.502      0.456      0.426      0.288
                  book        230       1129      0.211     0.0576     0.0719     0.0267
                 clock        204        267      0.516      0.519      0.533      0.335
                  vase        137        274      0.354      0.179      0.199      0.122
              scissors         28         36      0.167     0.0278     0.0561     0.0396
            teddy bear         94        190      0.493        0.4      0.387      0.247
            hair drier          9         11          1          0          0          0
            toothbrush         34         57          1          0     0.0204    0.00961