                 all       5000      36335      0.477      0.323       0.33      0.219
                person       2693      10777      0.651      0.603      0.646       0.41
               bicycle        149        314      0.494      0.245      0.254      0.143
                   car        535       1918      0.536      0.424      0.419      0.252
            motorcycle        159        367      0.517      0.458      0.482      0.263
              airplane         97        143      0.536      0.601      0.582      0.415
                   bus        189        283       0.63      0.554      0.607      0.484
                 train        157        190      0.618      0.668      0.685      0.485
                 truck        250        414      0.389      0.302      0.278      0.171
                  boat        121        424      0.394      0.255      0.221      0.107
         traffic light        191        634      0.498      0.172      0.225      0.106
          fire hydrant         86        101      0.604      0.588      0.608      0.468
             stop sign         69         75      0.562       0.52      0.553      0.501
         parking meter         37         60      0.676      0.233      0.324      0.249
                 bench        235        411       0.45      0.153      0.169      0.104
                  bird        125        427      0.564       0.17      0.231      0.138
                   cat        184        202       0.52      0.658      0.647      0.436
                   dog        177        218      0.461      0.459      0.426        0.3
                 horse        128        272      0.466      0.515      0.489       0.33
                 sheep         65        354      0.407      0.515      0.434      0.265
                   cow         87        372      0.457      0.446      0.419      0.275
              elephant         89        252       0.61      0.601      0.626      0.442
                  bear         49         71      0.461      0.634      0.611      0.477
                 zebra         85        266      0.636      0.729      0.783      0.531
               giraffe        101        232      0.765      0.728       0.76      0.534
              backpack        228        371       0.32     0.0458     0.0728     0.0396
              umbrella        174        407      0.443      0.332      0.318      0.181
               handbag        292        540      0.375     0.0352     0.0507     0.0229
                   tie        145        252      0.446      0.222      0.218      0.108
              suitcase        105        299      0.423       0.11       0.15      0.078
               frisbee         84        115      0.686      0.455      0.532      0.382
                  skis        120        241      0.348      0.199      0.177     0.0822
             snowboard         49         69      0.397      0.116      0.152     0.0891
           sports ball        169        260      0.593      0.281       0.31      0.212
                  kite         91        327      0.461       0.44      0.386      0.232
          baseball bat         97        145      0.438      0.159       0.18     0.0786
        baseball glove        100        148       0.46      0.345      0.336      0.178
            skateboard        127        179      0.537      0.408      0.406      0.244
             surfboard        149        267      0.412      0.315      0.263      0.118
         tennis racket        167        225       0.54      0.347       0.36      0.196
                bottle        379       1013      0.526      0.237      0.281      0.169
            wine glass        110        341      0.498      0.167      0.201      0.124
                   cup        390        895      0.424      0.332      0.317      0.215
                  fork        155        215      0.299     0.0934      0.109     0.0558
                 knife        181        325      0.248     0.0523     0.0559     0.0256
                 spoon        153        253      0.188     0.0198     0.0316     0.0173
                  bowl        314        623      0.469      0.383      0.374      0.267
                banana        103        370      0.389      0.133      0.146     0.0766
                 apple         76        236      0.365      0.117      0.119     0.0832
              sandwich         98        177      0.343      0.316      0.256      0.172
                orange         85        285      0.383      0.256      0.225      0.178
              broccoli         71        312      0.395      0.314      0.268      0.137
                carrot         81        365      0.387      0.123      0.148     0.0836
               hot dog         51        125      0.468      0.128      0.175      0.107
                 pizza        153        284      0.569      0.535      0.546      0.396
                 donut         62        328      0.391      0.348      0.298      0.232
                  cake        124        310      0.354      0.213      0.235      0.145
                 chair        580       1771      0.456      0.187      0.222      0.127
                 couch        195        261      0.435      0.451      0.395      0.274
          potted plant        172        342      0.404      0.178       0.17     0.0899
                   bed        149        163      0.452      0.534      0.489      0.327
          dining table        501        695      0.417      0.409      0.334      0.225
                toilet        149        179      0.515       0.57      0.589      0.458
                    tv        207        288      0.516      0.493      0.502      0.364
                laptop        183        231      0.542      0.431      0.464      0.346
                 mouse         88        106      0.544      0.416      0.476      0.361
                remote        145        283      0.329     0.0813        0.1     0.0599
              keyboard        106        153      0.433      0.451      0.436      0.289
            cell phone        214        262      0.656       0.21      0.222      0.139
             microwave         54         55      0.521      0.364       0.36       0.26
                  oven        115        143      0.541      0.272      0.295       0.17
               toaster          8          9          1          0      0.167      0.123
                  sink        187        225      0.464      0.356      0.346      0.216
          refrigerator        101        126      0.474      0.397      0.396       0.28
                  book        230       1129       0.26     0.0552     0.0741     0.0289
                 clock        204        267      0.542      0.539      0.528      0.334
                  vase        137        274      0.514      0.201       0.24      0.149
              scissors         28         36      0.136     0.0278     0.0331     0.0227
            teddy bear         94        190      0.507      0.373      0.359      0.242
            hair drier          9         11          0          0          0          0
            toothbrush         34         57          1          0     0.0296     0.0118