                all       5000      36335      0.458      0.327       0.32      0.209
                person       2693      10777      0.655      0.609      0.653      0.412
               bicycle        149        314      0.495      0.226      0.236      0.129
                   car        535       1918      0.535      0.412      0.411      0.244
            motorcycle        159        367      0.514      0.447      0.456      0.233
              airplane         97        143      0.502      0.517      0.553      0.381
                   bus        189        283      0.646      0.573      0.597      0.476
                 train        157        190      0.655      0.637      0.669      0.488
                 truck        250        414      0.388      0.302      0.292      0.177
                  boat        121        424      0.384      0.215      0.201      0.105
         traffic light        191        634      0.451      0.186      0.213      0.101
          fire hydrant         86        101      0.595      0.604      0.602      0.461
             stop sign         69         75      0.521       0.56      0.555        0.5
         parking meter         37         60      0.643      0.333       0.32      0.211
                 bench        235        411      0.393      0.165      0.168      0.101
                  bird        125        427      0.444      0.159      0.186      0.116
                   cat        184        202       0.49      0.686      0.598      0.399
                   dog        177        218      0.407      0.454      0.392      0.282
                 horse        128        272      0.435      0.496      0.494      0.331
                 sheep         65        354      0.353      0.492      0.406      0.245
                   cow         87        372      0.513      0.465      0.432      0.278
              elephant         89        252      0.549      0.587       0.57       0.41
                  bear         49         71      0.497      0.613      0.587      0.456
                 zebra         85        266      0.651      0.771       0.79      0.538
               giraffe        101        232      0.743      0.737      0.772      0.545
              backpack        228        371      0.275     0.0512     0.0695     0.0379
              umbrella        174        407      0.427      0.346      0.298      0.171
               handbag        292        540       0.26     0.0241     0.0478     0.0233
                   tie        145        252      0.429      0.242       0.24      0.123
              suitcase        105        299      0.339      0.134      0.134     0.0727
               frisbee         84        115      0.543      0.475      0.472      0.336
                  skis        120        241      0.411      0.188      0.196     0.0825
             snowboard         49         69      0.211     0.0725      0.109     0.0584
           sports ball        169        260      0.572        0.3      0.324      0.229
                  kite         91        327      0.401      0.401      0.353      0.209
          baseball bat         97        145      0.362      0.166      0.157      0.073
        baseball glove        100        148      0.345      0.331      0.289      0.161
            skateboard        127        179      0.503       0.43      0.386      0.213
             surfboard        149        267      0.407       0.27      0.228      0.103
         tennis racket        167        225      0.509      0.378      0.355      0.197
                bottle        379       1013      0.483       0.25      0.273      0.165
            wine glass        110        341      0.498      0.182      0.202      0.115
                   cup        390        895      0.418      0.322      0.306      0.206
                  fork        155        215      0.319     0.0827     0.0863     0.0439
                 knife        181        325       0.27     0.0585     0.0562     0.0252
                 spoon        153        253     0.0957    0.00791     0.0313     0.0153
                  bowl        314        623      0.417      0.374      0.333      0.238
                banana        103        370      0.333      0.165      0.142     0.0711
                 apple         76        236      0.282      0.144      0.107     0.0688
              sandwich         98        177      0.357      0.362      0.307      0.193
                orange         85        285      0.314      0.246      0.212      0.164
              broccoli         71        312      0.353      0.292      0.274      0.138
                carrot         81        365       0.27      0.203       0.14      0.075
               hot dog         51        125      0.466      0.184      0.193      0.116
                 pizza        153        284      0.603      0.518      0.529      0.385
                 donut         62        328       0.36      0.274      0.249      0.188
                  cake        124        310      0.423      0.194      0.219      0.143
                 chair        580       1771      0.385      0.208      0.204      0.117
                 couch        195        261      0.413      0.421      0.361       0.24
          potted plant        172        342      0.401      0.243      0.209      0.106
                   bed        149        163      0.479      0.509       0.46      0.296
          dining table        501        695      0.425      0.393      0.318      0.213
                toilet        149        179      0.508      0.609      0.592      0.453
                    tv        207        288      0.514      0.538      0.514      0.369
                laptop        183        231      0.534      0.459      0.469      0.349
                 mouse         88        106      0.588      0.471      0.497      0.361
                remote        145        283      0.281     0.0774     0.0828     0.0437
              keyboard        106        153      0.434      0.477      0.439      0.278
            cell phone        214        262      0.438       0.22      0.216      0.134
             microwave         54         55      0.494        0.4      0.399      0.295
                  oven        115        143      0.401      0.252      0.249      0.137
               toaster          8          9          1          0     0.0435     0.0268
                  sink        187        225      0.393      0.329      0.322      0.202
          refrigerator        101        126      0.539      0.398      0.428      0.291
                  book        230       1129      0.199     0.0363     0.0696     0.0239
                 clock        204        267      0.492      0.532      0.539      0.326
                  vase        137        274      0.412      0.208      0.216      0.133
              scissors         28         36      0.175     0.0556     0.0697     0.0508
            teddy bear         94        190      0.456      0.426      0.383      0.238
            hair drier          9         11          1          0          0          0
            toothbrush         34         57          1          0     0.0163    0.00728
---